20090603
20090608
20090609
20090610
20090611
20090612
20090807
20090821
20091218
20100629
20100630
20100701
20100702
20100705
20100706
20100707
20100708
20100709
20100712
20100713
20100714
20100715
20100716
20100719
20100720
20100721
20100722
20100723
20100726
20100727
20100728
20100729
20100730
20100802
20100803
20100804
20100805
20100806
20100809
20100810
20100811
20100812
20100813
20100816
20100817
20100818
20100819
20100820
20100823
20100824
20100825
20100826
20100827
20100830
20100831
20100901
20101101
20110314
20110616
20110817
20120208
20120627
20141107
20150903
20150904
